304 Tituli cyprii. [m

Α 111313113331313333131333311313333313333131οοί 11333
1311311333 1 1131 1 3313·13ρ33333·ν3133133333313 121
333 1 1133313333 1 331333131133333 1 1333333131333
3131333333 1 3331333333311333 1 133333331333 131
33331333131333331133311333 1133313331333 1 31333131 1
1333 1 3133311333 1 133311131 1 133131131311131333333331
33331 33311333 1 1333331 1 333333133313 1 3333133331
1333 1 3133131333 1 3333315113111333 113333 1 13331333
13333 1 31113333311333 1 13311 11331333331 13333311
333131 1 161333131 1 1331133313333311333 1 3331333313
1311 1 3331333 1 13113 1 3133333333 1311131713331333331
1313 11313131333 11133313333 1133313331313331 333331311
1333 113133 113331811333133331 3113131 1 331 1 13311331·
133333 1 1311333331 11311 313333313131 1 13133333 1 191
13311311 3131 113133333333333 13131333 1 313331
1333 11313331333131 1331113131111111313 1 31333 1 11333·
33333 1 333333 1 33331313133313131 3333 1 3333313331
31333 1 1111133313331333 1 31333 1 11311333 1 1333113331
1333333313333333 1 333131 1 13331 1 13113112133313
3333 1 313331 1 3333 1 33333 1 1133333333311311
1333 1 13333 1 13331333133113133 1 31333311133311133333
133333 1 13131 3331333 11311311111333 1 33333131131131
3333 1 13133313331333 1 133331333 1 33333133313 1 pa·
3313311513311333 1 3331313331133333113111133133333113
33311333 1 3331333 1 33111133116111113 1 313133331

Β 1333313333 1 1333 1 3113131333 1 333311171131131111333313
3311313131131311331113·1·ρ331·1333·331131133133313118111
131 1 33131311 13133333 11313333333333333 1 313331·
13 1 31333 1 1333 1 1313331191133313 1 133ρί313 1 11313113
333131333333 1 3333 1 133333 1 131333313333 1 13331
11312111331133333313133311333131333331133311313113331
1331333111333 1 3333331211113133311313333 1 3333313
33333313 1 31333 1 13333133333333 1 3333 1 1133313
33122133 1 133333331333311333 1 1313331333131 133133
131 133131 31333 1 113333333313123133333 1 3333 1 31311·
13113131 313 1 333313333313331 31333 1 11311333 1 1333
3121133331333 1 333131 1 331 1 13113 1 3333 1 1311 1311311
13113 1 333 133333 1 3125113 1 3333 1 33333 11133333333·
33131 13133331333311133333133333 1131313331333126133

 

