Indices. ⁶ . 373

GDI. Del.² GDI. Del.² GDI. Del.²
4433 233 ’4334 244 3323 432
4434 234 4333 243,4 3334 433
4433 233 4333 242 3343 433
4433 232 4333 243· 3343 443
4433 233 4433 2444Ι 3333 444
4433 333 4433 233 3334 434
4474 233 4443. 237 Ι3444 74,
4472 234 4444 233· 3443 72
444 4443 233 3443,α-- 34,3.7.3
437 4443 233 ,a.e= 34,4
433 , 243,2 ,3 :summ
433 334 ,3234434223 =
433,2 333 ‚e = . 343
433,3.4 333 ,s= 34,2.43
447
,443
443
443
443
433
433
’434
432
433
437
433
434
433
432
433
433
433
442
443 .
433
44242
232 (add.)
247
233
243
243
243
244

ι4,44 n n

4434
4433
4433
4433
44333
,3
4437
4433
· 4433
4233
4233
4234
4244
4247
4243
4223
4222
4233
4234
4233
4233
4243
4243
4243
4233
4237
- 4233
4336
4333
4333
4343
4334
4333
4373
· 4333

11 11 11 11 11 11 11 11 11 11

4333 ,9= 34,3
· 433 ,3-.-44,4.44.44.44
434 ’ 34343
434 44
Ι434 43
434 43
444 “ 44
443 Ι43
444 43
444 34
444 44
33 ·
44
44
44
34
34
34
43
34
34
33
33
34
34
33
33
,44

444
44’3,4
444
4434
4434
443
4434
344
433
444 · ·
444
444
443
443
443
444
443

11 11 11 11 11 11 u 11 11 11 11 11 11 11 11-11 11 n 11 ‘u 11 n 11 11 11 11 ΙΙ 11 11 11 11 11 11 11 11 11 11 11 11 11 11 11 11

11 11 11 11 ΙΙ 11 11 11 11 11 u 11 11 11 11 11 11 11 11 11 11 11 11 11 11 11 11 11 n

11111111111111111111111111111111111111111111111111

 

