358

44840444.Ι Me&
444 a 444
443 3 434
444 a 434
445 3 445
447 a 437
448 ⁸ 444

clo. 44444444 g
i 4577 = 454
. 4578 = 354

4 n 444
4 ⁸ 48
3 3 433
4 3 474
5 3 474
7 3 73
8 3 447
44 3 548
44 3 458
44 a 4
44 ι 45
48 3 54
44 3 53
44 3 84
44 3 43
34 3 444
34 3 544
34 3 485
44 3 544
4474 n 44
4444 3 54
4444 n 44
4444 3 43
4474 3 44
4444 3 44
4444 3 443
4543
44444ε ⁴⁵⁸
4444 3 454
4544 ι 444
4547 3 434
44444- 448
4574 ι 447
4574 Ι m

lndioes.

ς nemnem ὲ
ἶ 448 a 444

ξ 434 3 484
Ι· 434 3 444
ζ 444 - 444
ζ 444 -.- 444

cle. neuen!

4574 3 484

ξ 4444 = 444
¹ 4588 3 344
ἵ 4444 .-. 444
³ 4444 .-. 444

4544 3 354
4444 3 445

! 4444 .-. 444, 44
5 4444 2 sam .
³ 4444 .-. ²⁸2⁸ ξ
; 4444 = 4444 ἰ
“ 4444 = um .
· 4444 2 444
· 4444 = m

4748 3 384

3 4444 = 444
’ 444448 444

47434 3 444
47444 3 44

3 44444 = m

4844 3 44

! 4444 3 88

4448 3 474
4448 3 554
4444 3 444
4433 3 555

. 4438 3 45
444843 44

4444143 47,4
4444473 47,4
444443 74

4444 3 448

nebat. Μ’
444 3 544

’ 4353544
- 4443545
⁴ 4373547

4383553

cle. Debet!
44484 == 448
4484 = 448

f 4444 = 444
, 444443 544
³ 2³⁵0 = υτ
= 4444 = 444
Ι 44446 3 548

444843 4414
4448 = 448
4483 3 444
454543 484
4544 3 444,3
4555 3 444
4554 3 444

’ 4558 3 444
. 4474 3 457
j uma 444
² 444443 433

44448 3 444

‘¹ 4445,4.4.43 474

ms, 5 3 478

j 4453 3 478
· 4484 3 474

3444 3 484
3444 3 438
3448 = 443
3454 3 444
3454 3 447
3453 3 443
3455 3 444
3544 3 437
3444 3 434
4745 3 444
5444 3 474

 

