372 18811888.

888. 1777.2 888. 8888 7171. 777²
777 ⁴777' 777 777,77 7777 88888
888 888 888 88888 8888 88888
888 888 888 88888 8888 8888
, 888 888 888· 88888 8888
888 8888 888 -88888 8888
888 888 888 . 88888 8888
888 888 888 8888 J 8888
888 888 888 88888 8888
888 8888 888 88888 8888
“ 888 8888 888 8888 8888
888 888 888 88888 8888
888 8888 888 88888 8888
888 8888 888 88888 8888
888 8888 888 88888 8888
888 8888 888 8888 8888 ,
888 ,88888 888 · 88888 8888 =
777 , 8888 888 888 8888
888 88888 Δ 888 88888 8888
, 888 8888 888 8888 8888
888 8888 888 88888- Ι8888
· 888 888· 888 888 8888
88888 8888
888 8888
888 8888
888 8888
888 8888
888 ,8888

8888 .
8888
88888
88888
8888
8888
8888
8888
8888
8888
88888

11 11 11 11- 11 11 11 11 11 11 11 11 11 11 11

88888
88888888 ’
88888 ’
88888
88888 ’
88888
88888
88888
8888
88888,
88888 “
8888
88888
8888
8888
88888
8888
8888
8888
888
,888
888
8888
8888
888
888
1708
888
888
888
888
888

ω

11 11 11 11·-11’1Ι 71- 11 11 11 11 11 11 11 11 11 11 11 11

888
888
888
888 “
888
888
888
888
888
888
888
888
888
888
888
888
888
888
888
888
888
888
888
888
888 -

888 888
888 888,
888 888
888 888
888 ,888
888 888
888· ’ 888Ι
8888 888
8888 888
8888 ,888
8888 888
888 888
888 888
888 888
888 888
888 888
8888 888
8888 888
888 ’ 888
8888 888
8888 888
8888 888
88888 . 888
8888 888
888 888

888 8888
888 ‚ 8888
888 8888
888 8888
888 7777
777,7 7777
88888 7777
88888 7777
88888 , 7777
88888 8888
88888 8888
88888 8888
88888 8888
88888 88888
88888 · 8888
88888 8888
88888 8888
88888 8888
88888 8888

11111111111111111111111111111111111111111111111111111111111111111111111111,111111111111111111

n 11 11 11 11 11 11 11 11 11 11 11 11 11 11 11 11 11 11 11 11,11 11 11 11 11 11 11 11 11

11 11 11 11 11 11 11 11 11 11 11 11 11 11 11 11 11 11 11 11 11 11 11 11 11 11 11

 

